52392170743
51608632877
52372183861
52270078346
52394205355
52387131156
52394465853
52362615242
51976553607
52343685471
52394525946
52318661535
52379194180
52394551559
62382862162
52393258937
52378580301
52383268383
52224850155
52387220434
52388588175
51967904559
52394880809
52393512276
62394883846
52394898377
52393691492
52394926133
52226711483
52393647468
52115991162
5744802436
52395138630
52387765592
52395131967
52360579010
52395152690
52395235694
52395229992
52392394556
62394628086
52395273553
52395277978
惈෼
52393189932
51917872447